theta_true = 
[[0 1 0 0 0 0 0 1]
 [1 0 1 0 0 0 0 0]
 [0 1 0 1 0 0 0 0]
 [0 0 1 0 1 0 0 0]
 [0 0 0 1 0 1 0 0]
 [0 0 0 0 1 0 1 0]
 [0 0 0 0 0 1 0 1]
 [1 0 0 0 0 0 1 0]]
theta = 
[[ 0.      1.7405  0.623   1.191   0.8798  1.0054  0.4609  1.5449]
 [ 1.7405  0.      1.9481  0.7091  1.8485  1.1545  0.8701 -0.1442]
 [ 0.623   1.9481  0.      1.8079  0.9974  1.4968  0.573   1.2468]
 [ 1.191   0.7091  1.8079  0.      1.6313 -0.0582  1.3636  0.6655]
 [ 0.8798  1.8485  0.9974  1.6313  0.      1.2837  0.884   0.8408]
 [ 1.0054  1.1545  1.4968 -0.0582  1.2837  0.      0.5599  0.2393]
 [ 0.4609  0.8701  0.573   1.3636  0.884   0.5599  0.      0.9061]
 [ 1.5449 -0.1442  1.2468  0.6655  0.8408  0.2393  0.9061  0.    ]]